66648
66530
60777
13469
66648
83262
13469
40350
61801
80612
47207
73737
35371
20896
77147
32690
45373
96652
53803
62925
64433
96929
87748
75803
82976
50513
25876
96652
27282
52482
98326
60692
78044
28829
24022
76616
77147
78368
59182
10920
94982
70248
67267
40092
26048
97947
64433
31426
97947
75016
72913
74888
26337
62925
87748
21184
74888
65978
62436
89076
27190
84666
60277
65172
50401
97947
13015
27282
21521
66530
32013
67456
60117
77235
55336
59405
76671
78380
64287
61870
19133
79653
54621
40810
13469
72913
64433
41746
21471
21359
18921
80604
48458
67895
32324
27128
67895
66648
72913
89974
32324
94982
40092
30915
64433
62925
64433
66530
74017
85558
96652
77235
68395
31426
67206
96114
66153
88997
64433
65172
80360
45373
66530
74811
56793
65172
40092
65463
75803
97947
67896
72913
19873
79234
40092
87748
86165
45373
92574
59368
27282
67895
62925
31426
57327
32324
75157
27282
71556
26584
97947
56723
26076
26741
64859
66648
97947
63594
67896
31426
21593
78044
70839
12466
79654
52837
96669
74035
78044
27282
67895
54565
28626
84687
73737
10197
64325
20896
38950
33966
78698
62925
32559
35307
72482
67885
20896
74888
58250
74609
82910
97333
54856
96652
66648
30889
78044
64433
45373
87748
22607
49674
77235
64433
64433
77235
31586
21184
79094
21593
20896
92512
21340
80901
32324
48576
53107
19299
67896
47673
32758
62925
78044
39743
78795
66123
32324
78795
64433
94982
55706
35262
86365
53276
87748
31426
35972
44851
28903
75803
10480
72456
61870
92102
31426
92102
50795
96652
48473
21184
15651
66648
67896
27607
61870
70248
77235
16468
91595
19133
22332
41719
54298
61870
66530
78775
75803
86650
35732
80035
55618
52117
87748
11409
75803
62825
19721
33966
58765
94658
78795
78044
27282
65172
71542
33519
37230
33966
62925
80089
17866
27282
87748
97947
19133
87748
70248
34977
72913
50674
79402
92493
66530
78795
73939
90781
98917
64096
80359
77147
94224
66648
87748
75803
97947
50102
40092
33966
66367
67895
75803
77235
45373
74888
94982
88668
40092
35769
94982
24467
92102
31426
16174
66946
47913
92695
27282
89624
66530
94982
38090
48146
70248
94193
33442
82174
61173
83595
48212
96669
75346
31030
67895
35830
92371
63054
90762
40092
47184
52006
66648
20896
75803
23024
29297
45384
63310
69125
50707
27282
33966
65172
78795
25683
30469
62925
27282
98790
92147
87781
78044
80845
34977
66702
66122
87748
32324
20896
91784
67895
97947
45373
61262
31426
45373
31426
45373
92102
86304
61016
77235
61870
40475
43813
33966
80861
63219
77147
68212
13469
31979
23639
43169
43769
65349
44490
85732
92382
92674
12772
19133
31426
40411
72913
40092
45373
49971
51998
21593
92382
32324
92102
83737
75803
80553
64433
41007
39533
87748
45751
78775
36056
33966
59240
22936
66588
33993
96652
22763
78795
83295
75803
92126
61126
73737
78795
33966
78044
67895
87748
64433
13469
58388
48318
32286
33966
13469
27282
40092
37643
46410
85519
85172
31426
72913
66648
40092
54353
62925
21593
79304
37931
75803
77312
20353
46463
27282
19133
61047
20896
21184
32324
51250
81741
14161
64433
62925
66530
37191
73055
19870
92382
61870
33774
40724
72913
45373
19952
64433
32324
64009
87748
82436
66648
40855
18007
25209
78775
15901
62925
70997
77312
40092
65172
67895
89300
98326
30003
77235
73588
48925
77147
19133
97947
24257
17658
97947
23450
70248
89145
98661
49884
96392
77267
77312
78902
53093
17683
61667
32324
13469
62925
27315
90108
67308
21184
85349
21593
77147
22652
97947
34621
77147
76862
92382
11561
40421
65926
66530
48082
67895
70125
99853
79715
80678
50399
90400
65172
45373
92102
91710
75803
85238
62925
83052
88895
97913
31088
96652
32324
67895
16973
77235
97947
32206
65172
66648
27282
65172
62321
40092
21184
34977
43185
77147
65244
64378
33745
72913
20896
90870
20178
96652
78390
31577
31486
74948
60762
33966
96652
79055
72913
33515
74892
12234
94982
66530
77235
67896
28665
78044
45373
85516
92102
56269
88192
38887
27282
97275
32324
63820
21712
73269
30421
56860
78044
37568
40092
68542
61542
37467
40092
65172
35259
18155
87748
40678
21184
74888
66183
76099
48103
34977
75803
24724
70248
13469
87748
34680
66648
77462
13469
51441
67895
45373
70248
31426
27282
32324
94179
27577
45373
64433
82791
27282
61226
64433
26586
78044
31294
65172
57462
91717
57264
56799
67895
95689
78044
12597
68388
34977
96669
34603
77235
65172
81818
84669
31733
10099
20896
21683
96652
29942
54507
85158
18069
75803
65172
27282
55085
39416
66530
13469
45373
27127
71818
60253
58231
62925
62925
73882
56847
37833
29377
13469
29637
64433
20268
42766
70932
67896
71309
30154
14538
60684
57234
77235
66648
97947
48563
67465
75437
96669
72913
75803
62925
32431
10076
78795
62925
40092
64433
59675
77235
89046
99015
19133
95443
77312
79947
80873
81188
38294
45373
35769
23536
26741
66648
66648
33966
23799
42350
37676
87515
61870
75803
67895
77312
65172
45373
22627
13273
27282
28813
61870
20591
35769
20896
67618
12025
67895
88018
52030
21184
77312
20896
79545
21184
77312
60159
77235
94495
77312
77235
87187
61551
77312
77232
20365
77235
21184
19117
67895
63700
77147
62925
20896
64104
50591
17191
67895
94724
99767
34741
37806
77312
66471
62666
73671
21593
40218
61870
43649
94062
40771
77312
40092
74888
50621
40092
34977
64433
21593
54721
70248
40066
88605
66648
74437
96669
21184
80995
32324
68312
97947
79306
78795
33435
59150
94764
77312
23706
92102
20896
62925
97699
77235
21184
40092
96652
94982
42379
16374
31426
70248
97811
22248
98519
79119
77147
23891
92382
34977
96566
74553
31426
40092
69441
43363
63786
39137
35769
74888
40646
20178
40092
25399
33966
54216
98280
45373
50505
34977
31426
28034
86681
73729
61870
19681
78795
77235
98318
20368
98097
98255
21184
43385
82529
62461
17460
31992
91047
67895
20896
75803
96652
67895
85485
78417
44190
21184
77312
10004
87748
21593
67868
74888
20896
24596
62925
45373
65172
28176
21931
36318
35444
53938
20384
96652
81769
47885
77014
33966
92102
20896
99652
67896
57632
93313
93951
74888
62314
30608
67896
88722
21184
66530
65974
55818
21184
65172
87748
32961
20482
68138
77147
16035
16043
92382
53823
45373
65172
65172
34977
86356
13023
10503
40965
74888
20896